City #,City,Country,Latitude,Longitude,Temperature $F^o$,% Humidity,% Cloudiness,Wind Speed (mph)
1,Kapaa,US,22.08,-159.32,84.2,70,75,18.34
2,Rovaniemi,FI,66.5,25.72,55.4,76,0,3.36
3,Pevek,RU,69.7,170.27,45.72,93,0,2.37
4,Carutapera,BR,-1.2,-46.02,78.66,85,0,9.53
5,Kumo,NG,10.05,11.21,70.11,99,80,7.18
6,Richards Bay,ZA,-28.77,32.06,62.01,94,100,1.92
7,Esperance,TT,10.24,-61.45,84.2,70,20,8.05
9,Noyabrsk,RU,63.2,75.45,44.1,87,36,3.15
10,Pisco,PE,-13.71,-76.2,66.2,72,20,12.75
11,East London,ZA,-33.02,27.91,58.68,100,0,8.97
12,Chuy,UY,-33.69,-53.46,47.79,90,0,4.61
13,Luderitz,NA,-26.65,15.16,51.93,93,0,13.44
14,Guerrero Negro,MX,27.97,-114.04,83.61,55,0,13.44
16,Busselton,AU,-33.64,115.35,57.24,100,92,9.98
17,Santa Rosalia,IT,38.07,13.27,77,73,0,2.24
19,Nome,US,30.04,-94.42,87.71,62,90,6.93
20,Vaini,IN,15.34,74.49,69.48,98,92,9.75
21,Chokurdakh,RU,70.62,147.9,38.7,88,64,11.99
22,Anloga,GH,5.79,0.9,75.2,83,20,14.99
23,Mar del Plata,AR,-46.43,-67.52,48.78,81,48,3.38
24,Jiayuguan,CN,39.77,98.29,59.94,85,80,3.04
25,Izazi,TZ,-7.24,35.72,59,67,5,2.59
26,Vao,EE,59.1,26.19,62.01,79,8,8.19
28,Qaanaaq,GL,77.48,-69.36,41.49,82,80,10.2
30,Byron Bay,AU,-28.65,153.62,62.6,88,8,11.41
31,Kieta,PG,-6.22,155.63,79.2,100,88,7.07
33,Gizo,IL,31.8,34.94,80.6,74,40,4.7
34,Anan,JP,33.91,134.64,82.4,83,20,8.05
35,Belinskiy,RU,52.97,43.41,71.19,57,0,7.07
36,Barrow,AR,-38.31,-60.23,52.2,48,8,12.21
37,Maniitsoq,GL,65.42,-52.9,43.2,94,0,3.71
38,Atuona,PF,-9.8,-139.03,79.74,99,0,19.48
39,Dingle,PH,11,122.67,76.5,99,92,11.21
40,Crixas,BR,-14.55,-49.97,74.97,60,32,4.94
42,Victoria,BN,5.28,115.24,76.08,94,75,2.24
43,Nusaybin,TR,37.08,41.21,82.4,45,0,6.93
44,Praya,ID,-8.71,116.27,68,94,75,11.43
45,Manokwari,ID,-0.87,134.08,83.07,100,48,9.64
46,Havre-Saint-Pierre,CA,50.23,-63.6,66.2,72,1,5.82
47,Diffa,NE,13.32,12.61,71.28,95,92,10.65
48,Mezen,RU,65.85,44.24,46.71,91,8,2.37
49,Bluff,AU,-23.58,149.07,67.77,78,80,7.96
50,Marsh Harbour,BS,26.54,-77.06,83.7,98,0,13.33
51,Jamestown,AU,-33.21,138.6,43.74,95,88,18.25
52,Rikitea,PF,-23.12,-134.97,73.89,100,20,16.24
53,Albany,US,42.65,-73.75,85.96,43,20,3.36
54,Bredasdorp,ZA,-34.53,20.04,51.8,66,0,8.05
55,Torbay,CA,47.66,-52.73,55.4,93,90,18.34
56,Mahebourg,MU,-20.41,57.7,69.8,60,20,2.24
57,Carnarvon,ZA,-30.97,22.13,23.13,73,0,2.71
58,Yellowknife,CA,62.45,-114.38,55.4,87,90,6.93
59,Polson,US,47.69,-114.16,72.54,34,48,1.25
60,Vardo,US,39.62,-77.74,87.04,52,1,5.82
61,Haines Junction,CA,60.75,-137.51,63.18,52,32,4.05
62,Tuapse,RU,44.1,39.07,66.15,90,0,0.92
63,Saskylakh,RU,71.97,114.09,57.24,71,0,13.67
64,Souillac,FR,45.6,-0.6,78.8,54,0,3.36
65,New Norfolk,AU,-42.78,147.06,46.4,75,75,8.05
66,Cape Town,ZA,-33.93,18.42,53.6,81,75,6.93
67,Cap Malheureux,MU,-19.98,57.61,69.8,60,20,2.24
68,Puerto Ayora,EC,-0.74,-90.35,78.8,57,20,20.8
69,Ushuaia,AR,-54.81,-68.31,33.8,80,40,5.82
70,Avarua,CK,-21.21,-159.78,77,65,20,12.75
71,Saint Simons,US,31.14,-81.39,88.61,58,1,10.29
72,Hermanus,ZA,-34.42,19.24,49.59,85,24,9.08
73,Georgetown,GY,6.8,-58.16,82.4,74,75,6.93
74,Mataura,NZ,-46.19,168.86,46.62,88,20,4.5
75,Vangaindrano,MG,-23.35,47.6,57.96,95,0,3.71
76,Saldanha,PT,41.42,-6.55,70.65,70,0,1.25
77,Punta Arenas,CL,-53.16,-70.91,33.8,69,75,9.17
78,Jiazi,CN,19.61,110.49,77,100,0,2.24
79,Nove Mesto pod Smrkem,CZ,50.92,15.23,55.53,80,0,2.71
80,Kawalu,ID,-7.38,108.21,58.59,94,76,1.7
81,Aktau,KZ,43.65,51.16,71.6,88,0,8.95
82,Vestmannaeyjar,IS,63.44,-20.27,52.38,84,92,18.03
84,San Andres,PH,13.32,122.68,81.18,100,76,23.62
85,Thinadhoo,MV,0.53,72.93,81.72,100,44,10.76
86,Port Alfred,ZA,-33.59,26.89,52.83,100,0,6.29
87,Butaritari,KI,3.07,172.79,84.96,100,48,3.6
88,Longyearbyen,NO,78.22,15.63,46.4,81,20,12.75
89,Dikson,RU,73.51,80.55,39.96,100,88,15.68
91,Chapais,CA,49.78,-74.86,80.6,57,20,18.34
92,La Union,GT,14.97,-89.29,75.87,72,48,2.71
93,Hilo,US,19.71,-155.08,80.6,74,90,10.29
94,Aadorf,CH,47.49,8.9,76.98,57,8,5.82
95,Manggar,ID,-2.88,108.27,80.64,82,20,10.65
96,Bethel,US,60.79,-161.76,55.4,100,90,23.04
97,Vila Velha,BR,-3.71,-38.6,80.6,83,40,9.17
98,Saint-Philippe,CA,45.36,-73.48,86.88,58,1,9.17
99,Norman Wells,CA,65.28,-126.83,71.6,53,90,16.11
100,Victor Harbor,AU,-35.55,138.62,50,76,40,16.11
101,Airai,TL,-8.93,125.41,70.65,74,0,1.7
102,Bitkine,TD,11.98,18.21,70.2,97,68,2.93
103,San Cristobal,EC,-0.39,-78.55,62.6,59,40,17.22
104,Khandagayty,MN,50.73,92.07,51.3,98,92,2.48
105,Moose Factory,CA,51.26,-80.61,84.2,45,1,17.22
106,Suntar,RU,62.16,117.65,59.31,69,0,3.71
107,Nikolskoye,RU,59.7,30.79,64.4,93,0,6.71
108,Margate,AU,-43.03,147.26,46.4,75,75,8.05
111,Kasongo-Lunda,CD,-6.48,16.82,67.5,93,0,2.15
112,San Patricio,PY,-26.98,-56.83,48.15,78,20,2.93
113,Port Elizabeth,US,39.31,-74.98,87.84,55,1,5.82
114,Gat,SN,14.69,-16.54,84.2,79,92,6.93
115,Leningradskiy,RU,69.38,178.42,36.54,98,76,7.4
116,Ribeira Grande,PT,38.52,-28.7,72.54,100,0,10.98
117,Kruisfontein,ZA,-34,24.73,51.21,94,0,7.96
118,Kolomna,RU,55.09,38.77,62.6,88,0,6.71
119,Marand,IR,38.43,45.77,77,50,0,18.34
120,Marsa Matruh,EG,31.35,27.25,80.6,78,40,6.93
121,Sigli,ID,5.38,95.96,77.76,93,20,8.75
122,Westerland,NL,52.89,4.93,62.22,77,0,4.7
123,Upernavik,GL,72.79,-56.15,44.73,81,24,4.05
124,Tuktoyaktuk,CA,69.44,-133.03,48.2,93,90,14.99
125,Vostok,RU,46.45,135.83,69.39,75,0,2.71
126,Ancud,CL,-41.87,-73.83,49.41,97,100,5.61
127,Hobart,AU,-42.88,147.33,46.4,75,75,8.05
128,Buta,CD,2.79,24.73,69.48,97,24,2.15
129,Tiksi,RU,71.64,128.87,52.74,75,0,9.08
130,Lebu,ET,8.96,38.73,55.4,93,90,9.17
131,Grand Gaube,MU,-20.01,57.66,69.8,60,20,2.24
132,Bambous Virieux,MU,-20.34,57.76,69.8,60,20,2.24
133,Ilulissat,GL,69.22,-51.1,51.8,50,40,4.7
134,Hluk,CZ,48.99,17.53,70.83,94,8,1.12
135,Aykhal,RU,65.95,111.51,55.08,56,0,6.17
136,Kerrville,US,30.05,-99.14,86.56,38,75,8.05
137,Namibe,AO,-15.19,12.15,65.16,98,0,12.33
138,Hithadhoo,MV,-0.6,73.08,78.12,100,20,7.63
141,Port Blair,IN,11.67,92.75,80.01,100,88,29.33
142,Sioux Lookout,CA,50.1,-91.92,74.91,57,90,8.05
144,Asyut,EG,27.18,31.19,84.2,37,0,11.41
145,Fairbanks,US,64.84,-147.72,61.93,77,90,21.92
146,Tasiilaq,GL,65.61,-37.64,45.45,95,12,1.92
147,Sibolga,ID,1.74,98.78,69.03,100,48,1.36
148,Kupang,ID,-10.16,123.6,71.6,100,75,8.05
149,Fukue,JP,35.03,136.69,86,70,20,14.99
150,Kalmunai,LK,7.42,81.82,71.46,95,24,0.81
151,Brae,GB,60.4,-1.35,55.4,87,92,12.75
152,Komsomolskiy,RU,67.55,63.78,43.11,91,80,10.65
153,Te Anau,NZ,-45.41,167.72,44.1,94,24,3.6
154,Rongcheng,CN,37.16,122.42,84.24,88,24,4.61
155,Lusambo,CD,-4.97,23.44,71.28,79,0,1.59
156,Boddam,GB,57.47,-1.78,59,82,92,5.82
157,La Palma,CO,5.36,-74.39,70.11,94,24,1.59
158,Mandurah,AU,-32.55,115.7,46.4,100,90,4.7
159,Hami,CN,42.84,93.51,72.18,59,76,7.18
160,Tuy Hoa,VN,13.08,109.3,77.58,100,88,11.65
161,Beloha,MG,-25.17,45.06,50.13,79,0,2.93
163,Ostrovnoy,RU,68.05,39.51,47.61,95,20,6.85
164,Makakilo City,US,21.35,-158.09,83.3,52,40,8.05
165,Atherton,GB,53.52,-2.49,65.55,68,0,1.12
166,Cockburn Town,TC,21.46,-71.14,83.61,95,0,16.58
167,Doka,SD,13.52,35.76,67.14,92,12,2.59
168,Aklavik,CA,68.22,-135.01,51.8,81,90,6.93
169,Caravelas,BR,-17.73,-39.27,77.04,96,0,17.47
170,Bilibino,RU,68.06,166.44,56.34,53,24,2.37
171,Severo-Kurilsk,RU,50.68,156.12,55.53,91,24,3.15
172,Kahului,US,20.89,-156.47,83.41,46,40,23.04
173,Ponta do Sol,BR,-20.63,-46,61.02,89,20,3.94
174,Puerto Leguizamo,CO,-0.19,-74.78,77.58,86,20,3.04
175,Saint George,GR,39.45,22.34,68,64,20,2.24
176,Rockland,US,42.13,-70.92,84.07,65,1,5.82
177,Papetoai,PF,-17.5,-149.87,86,58,20,10.29
178,Nhulunbuy,AU,-12.18,136.78,69.8,94,12,9.42
179,Acapulco,MX,16.86,-99.88,84.2,79,90,5.82
180,Trinidad,UY,-33.52,-56.9,42.39,81,0,4.94
181,Morant Bay,JM,17.88,-76.41,87.8,74,20,16.11
182,Pitimbu,BR,-7.47,-34.81,75.2,83,20,9.17
183,Namatanai,PG,-3.66,152.44,78.84,100,88,4.5
184,Narsaq,GL,60.91,-46.05,48.2,76,75,5.82
185,Iqaluit,CA,63.75,-68.52,44.6,75,90,10.29
187,Barcelona,ES,41.38,2.18,81.5,65,0,4.61
188,Eureka,US,40.8,-124.16,65.32,77,20,4.61
190,Sri Aman,MY,1.24,111.46,73.4,94,20,3.49
191,Jimeta,NG,9.28,12.44,70.92,100,92,3.04
193,Sitka,US,37.17,-99.65,96.93,29,12,16.46
194,Durazno,UY,-33.38,-56.52,44.28,82,0,5.61
195,Jiexiu,CN,37.02,111.92,75.33,88,24,3.94
196,La Paz,MX,24.15,-110.32,98.6,32,20,13.87
197,San Alberto,PY,-24.98,-54.91,55.4,71,0,4.7
198,Eyl,SO,7.98,49.82,77.4,80,0,20.49
200,Almaty,KZ,43.24,76.95,66.2,59,20,4.47
201,Charcas,MX,23.13,-101.11,69.48,40,0,15.01
202,Dumai,ID,1.68,101.45,75.06,98,76,3.38
203,Mercedes,UY,-33.25,-58.03,47.79,86,0,6.85
204,Cayenne,GF,4.94,-52.33,77,100,0,7.18
205,Lompoc,US,34.64,-120.46,76.82,60,1,13.87
206,Samana,EC,0.12,-76.97,78.8,83,40,5.82
208,Codrington,AU,-28.95,153.24,65.43,68,0,7.63
209,Malanje,AO,-9.54,16.35,61.56,93,0,3.38
210,Klaksvik,FO,62.23,-6.59,51.8,93,92,6.93
212,Hit,IQ,33.64,42.83,86.67,26,0,5.95
213,Nyimba,ZM,-14.56,30.81,56.34,70,0,3.04
214,Teya,MX,21.05,-89.07,89.6,62,75,6.93
215,Hambantota,LK,6.12,81.12,80.64,96,24,19.48
216,Roald,NO,62.58,6.12,52.88,93,88,19.46
217,Medina,SA,24.47,39.61,93.2,17,20,6.93
218,Merauke,ID,-8.49,140.4,78.84,91,88,11.43
219,Wewak,PG,-3.55,143.63,76.41,98,92,2.04
220,Saint-Pierre,FR,48.95,4.24,72.59,49,0,6.93
221,Gotsu,JP,35.01,132.22,85.41,70,0,2.71
222,Kodiak,US,39.95,-94.76,95,39,1,17.22
223,Taber,CA,49.79,-112.14,71.6,49,75,6.93
224,Liverpool,GB,53.41,-2.98,66.33,77,0,1.12
225,Saint-Francois,FR,46.42,3.91,78.8,50,0,4.7
226,Inhambane,MZ,-23.87,35.38,69.48,97,0,12.77
227,Qaqortoq,GL,60.72,-46.03,48.2,76,75,5.82
228,Yarensk,RU,62.17,49.09,58.5,90,92,6.96
229,Castro,CL,-42.48,-73.76,47.97,99,92,3.71
230,Bara,NG,10.41,10.6,68.58,99,80,7.96
232,Bystryy Istok,RU,52.37,84.39,50.58,80,0,4.16
233,Barra do Garcas,BR,-15.89,-52.26,72.36,73,0,3.38
234,Mehamn,NO,71.03,27.85,46.4,93,90,16.11
236,Suicheng,CN,33.9,117.93,86.4,86,0,4.16
237,Mogadishu,SO,2.04,45.34,76.5,100,48,16.46
239,Shelburne,CA,44.08,-80.2,89.53,38,20,13.87
240,Angoche,MZ,-16.23,39.91,74.97,100,0,6.96
242,Springfield,US,37.22,-93.29,96.8,32,1,14.99
243,Yulara,AU,-25.24,130.99,33.8,74,0,4.7
244,Cherskiy,RU,68.75,161.3,54.27,54,0,3.71
245,Kabompo,ZM,-13.6,24.21,51.48,67,0,2.93
246,Benjamin Hill,MX,30.17,-111.1,97.47,34,20,5.17
247,Khatanga,RU,71.98,102.47,58.05,81,44,15.23
248,La Carolina,ES,38.27,-3.62,76.41,60,32,2.48
249,Lorengau,PG,-2.02,147.27,78.48,100,88,4.94
250,Derzhavinsk,KZ,51.1,66.31,63.81,72,44,7.29
251,Arraial do Cabo,BR,-22.97,-42.02,72.46,73,75,4.7
252,Bandarbeyla,SO,9.49,50.81,77.04,88,0,29.89
253,Faanui,PF,-16.48,-151.75,80.28,100,0,14.56
254,Talnakh,RU,69.49,88.39,43.56,97,88,9.08
255,Trofors,NO,65.54,13.39,53.6,100,92,5.82
257,Cidreira,BR,-30.17,-50.22,53.1,91,12,10.2
258,Esna,RO,45.2,27.57,66.51,77,8,2.93
259,Kaitangata,NZ,-46.28,169.85,46.98,81,44,3.38
260,San Juan,PR,18.47,-66.12,82.36,79,75,13.87
261,Bataipora,BR,-22.3,-53.27,59.04,98,92,9.75
263,Mount Isa,AU,-20.73,139.49,62.6,27,0,20.8
264,Salzhemmendorf,DE,52.07,9.59,60.8,67,0,1.12
265,Muisne,EC,0.61,-80.02,75.96,84,88,5.73
266,Verkhnyaya Toyma,RU,62.24,45,59.76,99,92,3.15
267,Malmyzh,RU,56.52,50.68,61.2,84,0,6.73
268,Pozo Colorado,PY,-23.49,-58.8,56.16,80,88,3.94
269,Parrita,CR,9.52,-84.33,77.92,50,75,16.11
270,Abu Samrah,SY,35.3,37.18,69.84,88,0,9.75
271,Saint-Joseph,FR,43.56,6.97,78.19,61,0,3.36
272,Hasaki,JP,35.73,140.83,78.71,88,75,2.24
273,Buritizeiro,BR,-17.37,-44.96,74.43,60,20,7.18
275,Henties Bay,NA,-22.12,14.28,50.58,100,0,3.6
276,Shache,CN,38.42,77.24,61.38,79,0,2.59
278,Karratha,AU,-20.74,116.85,51.48,34,0,16.02
279,Zanjan,IR,36.67,48.48,60.93,94,88,3.49
280,Marathon,CA,48.72,-86.38,62.6,100,90,12.75
281,Flinders,AU,-34.58,150.85,59,58,0,19.46
282,Schladming,AT,47.39,13.69,68,82,20,6.93
283,Kenora,CA,49.76,-94.48,68,72,75,13.87
284,Quatre Cocos,MU,-20.21,57.76,69.8,60,20,2.24
285,Ilhabela,BR,-23.78,-45.36,66.24,100,100,7.74
286,Letlhakeng,BW,-24.1,25.03,58.14,25,0,12.77
287,Tahara,JP,34.64,137.18,86,70,20,14.99
288,Tawau,MY,4.26,117.89,71.6,100,75,1.59
290,Talara,PE,-4.58,-81.27,73.4,73,0,9.75
291,Bantva,IN,21.49,70.07,78.12,87,92,15.12
292,Kerewan,GM,13.49,-16.09,77,88,75,5.82
293,Turukhansk,RU,65.8,87.96,48.15,100,92,9.53
294,Chifeng,CN,42.27,118.96,70.38,98,48,3.71
295,Tazovskiy,RU,67.47,78.7,44.1,91,0,10.42
296,La Roda,ES,39.21,-2.16,80.6,44,0,10.29
297,Tilichiki,RU,60.47,166.1,50.58,94,92,9.42
298,Chenzhou,CN,25.81,113.03,77.31,97,64,3.94
299,Tortoli,IT,39.93,9.66,77,88,0,1.12
300,Lavrentiya,RU,65.58,-170.99,46.62,91,48,9.98
301,Sorata,BO,-15.77,-68.65,48.24,100,80,1.14
302,Tarpon Springs,US,28.15,-82.76,84.02,100,90,6.93
303,Quelimane,MZ,-17.88,36.89,71.6,88,0,6.4
304,Fethiye,TR,36.62,29.12,77,78,0,1.7
305,Langsa,ID,4.47,97.97,69.39,92,12,2.37
306,Aksu,KZ,52.04,76.93,53.6,76,0,8.95
307,Avera,US,33.19,-82.53,87.78,52,40,3.36
308,Banikoara,BJ,11.3,2.44,77.31,80,64,10.54
309,Vallenar,CL,-28.58,-70.76,48.6,80,0,1.81
312,Vondrozo,MG,-22.82,47.32,55.26,93,8,2.59
313,Hemsedal,NO,60.86,8.55,42.84,68,80,3.71
314,Vila Franca do Campo,PT,37.72,-25.43,69.8,77,40,9.17
316,Araouane,ML,18.9,-3.53,86.94,45,0,9.08
318,Shubarkuduk,KZ,49.15,56.49,68.58,70,88,10.87
319,Daphne,US,30.6,-87.9,89.35,70,40,9.17
320,Lebedyn,UA,50.58,34.48,67.68,87,32,2.82
321,Jablonne v Podjestedi,CZ,50.77,14.76,55.53,80,0,2.71
322,LUGOBA,TZ,-6.46,38.33,64.71,89,0,1.59
323,Adelaide,AU,-34.93,138.6,50,76,40,16.11
324,Flin Flon,CA,54.77,-101.88,64.4,45,20,5.82
325,Sulangan,PH,11.14,123.72,82.44,99,64,17.02
326,Lagoa,PT,37.14,-8.45,77,69,0,3.36
328,Ewa Beach,US,21.32,-158.01,83.28,52,40,8.05
329,Lakes Entrance,AU,-37.88,147.99,56.25,64,0,12.44
330,College,US,64.86,-147.8,61.92,77,90,21.92
331,Porto Walter,BR,-8.27,-72.74,71.91,99,68,2.26
332,Tarko-Sale,RU,64.92,77.78,47.7,85,80,7.74
333,Dodoma,TZ,-6.18,35.75,66.2,63,0,8.05
334,El Progreso,HN,15.4,-87.81,88.79,79,75,14.99
335,Sao Filipe,CV,14.9,-24.5,77.76,98,92,5.73
336,Jumla,NP,29.28,82.18,39.33,94,92,2.71
337,Grindavik,IS,63.84,-22.43,55.51,81,20,5.82
338,Sorong,ID,-0.86,131.25,80.91,100,80,12.21
339,Thompson,CA,55.74,-97.86,62.6,45,40,5.82
340,Misratah,LY,32.38,15.09,80.46,92,8,10.76
342,Polovinnoye,RU,54.79,65.99,60.3,78,44,9.75
343,Marzuq,YE,14.4,46.47,63.81,70,56,2.37
344,Lasa,CY,34.92,32.53,78.03,78,40,6.93
345,Macheng,CN,31.18,115.03,83.25,83,44,3.49
346,Nishihara,JP,35.74,139.53,82.98,74,1,4.7
347,Nauta,PE,-4.51,-73.58,77.76,91,0,2.93
349,Kavaratti,IN,10.57,72.64,82.08,98,76,19.71
350,Westport,IE,53.8,-9.52,59.49,99,100,13.11
351,Russell,AR,-33.01,-68.8,60.8,44,0,3.36
352,Umrala,IN,21.84,71.8,78.57,85,68,13.67
353,North Platte,US,41.12,-100.77,82.4,69,1,10.29
355,Itarema,BR,-2.92,-39.92,78.75,76,0,15.35
356,Dunedin,NZ,-45.87,170.5,46.8,77,24,3.6
357,Rio Grande,BR,-32.03,-52.1,53.6,81,0,7.07
358,Chernyshevskiy,RU,63.01,112.47,56.07,61,0,4.5
359,Rawson,AR,-43.3,-65.11,45.54,68,0,5.39
360,Magadan,RU,59.56,150.8,60.8,87,40,2.24
361,Rosetta,EG,31.4,30.42,80.6,78,0,3.36
362,Leua,AO,-11.65,20.45,58.86,35,0,4.72
363,Havoysund,NO,71,24.66,48.2,100,75,17.22
364,Atambua,ID,-9.11,124.89,75.96,100,0,8.75
365,Ilinskiy,RU,55.62,38.12,62.6,88,0,6.71
366,Staryy Nadym,RU,65.61,72.68,48.24,75,64,7.96
367,Tautira,PF,-17.73,-149.15,86,58,20,10.29
368,Wenling,CN,28.38,121.38,84.87,90,56,5.17
369,Nagorsk,RU,59.32,50.8,60.21,97,88,11.32
370,Birao,CF,10.3,22.78,68.4,98,80,7.07
371,Fortuna,ES,38.18,-1.13,83.3,48,0,3.36
372,Cabo San Lucas,MX,22.89,-109.91,89.91,55,5,16.11
373,Borgo San Lorenzo,IT,43.95,11.39,79.81,61,0,1.12
375,Broken Hill,AU,-31.97,141.45,51.66,56,20,22.06
376,Lubbock,US,33.58,-101.86,93.97,19,20,17.22
377,Champerico,MX,16.38,-93.6,84.2,62,75,16.11
380,Ambilobe,MG,-13.19,49.05,67.23,78,0,9.19
381,Vanavara,RU,60.35,102.28,58.95,87,92,5.28
382,Bellegarde-sur-Valserine,FR,46.11,5.83,75.33,60,0,2.24
383,San Juan de los Morros,VE,9.91,-67.35,77,83,75,1.59
385,Homer,US,59.64,-151.54,66.2,68,90,9.17
386,Vrangel,RU,42.73,133.08,67.14,100,88,11.43
387,Kendari,ID,-3.99,122.52,77.31,76,0,3.27
389,Constitucion,MX,23.99,-104.67,82.4,15,75,10.29
390,Aksarka,RU,66.56,67.8,44.55,91,48,8.41
391,Kirkwood,ZA,-33.4,25.44,48.2,93,0,2.24
392,Kikwit,CD,-5.04,18.82,72,82,0,2.71
393,Hofn,IS,64.25,-15.21,48.96,100,92,13.22
394,Udachnyy,RU,66.42,112.4,56.07,61,0,3.49
396,Xuddur,SO,4.12,43.89,69.66,86,32,9.75
398,Maxixe,MZ,-23.86,35.35,69.48,97,0,12.77
400,Mandalgovi,MN,45.76,106.27,56.43,100,76,4.61
401,Belaya Gora,RU,68.54,146.19,49.5,69,64,9.31
402,Clyde River,CA,70.47,-68.59,37.4,93,90,10.29
404,Katsuura,JP,33.93,134.5,82.4,83,20,8.05
405,Groningen,NL,53.22,6.57,59.09,93,0,1.12
406,Chibombo,ZM,-14.68,28.09,53.1,58,0,6.4
407,San Policarpo,PH,12.18,125.51,82.53,94,88,14
408,Provideniya,RU,64.42,-173.23,48.2,81,90,11.18
409,Alanya,TR,36.55,32,75.6,100,24,1.03
410,Wahpeton,US,46.27,-96.61,79.54,54,1,5.82
411,Afyonkarahisar,TR,38.76,30.53,56.34,82,0,3.04
412,Puerto Penasco,MX,31.32,-113.53,90.72,83,0,10.65
413,Touros,BR,-5.2,-35.46,77.94,82,76,15.46
414,Masjid Tanah,MY,2.35,102.11,77,94,75,1.12
415,Road Town,VG,18.42,-64.62,84.2,83,40,10.29
416,Chandbali,IN,20.77,86.74,79.29,100,64,9.98
417,Cachoeira do Sul,BR,-30.05,-52.89,47.34,84,0,5.61
418,Petropavlovsk-Kamchatskiy,RU,53.05,158.65,62.6,72,32,4.47
419,Arcata,US,40.87,-124.08,65.44,77,20,4.61
420,Hudson Bay,CA,52.86,-102.4,66.15,50,0,3.27
421,Katherine,AU,-14.47,132.26,64.4,52,64,6.93
422,Majene,ID,-3.54,118.97,80.91,100,36,15.46
423,Hua Hin,TH,12.57,99.96,81.09,100,92,17.81
425,Port Lincoln,AU,-34.72,135.86,51.48,100,44,25.19
426,Sidi Ali,DZ,36.1,0.42,73.71,62,8,3.49
427,Sabang,PH,13.72,123.58,80.64,95,92,9.19
428,Teeli,RU,51.01,90.2,48.96,99,100,3.27
430,Isangel,VU,-19.55,169.27,71.19,100,24,13.89
431,Pangnirtung,CA,66.15,-65.72,43.02,91,92,23.51
432,Fujin,CN,47.24,132.03,75.06,83,24,4.61
433,Talaya,RU,55.79,84.89,45,87,0,2.71
434,Kargasok,RU,59.06,80.87,45.72,87,0,2.37
435,Gayeri,BF,12.65,0.49,82.53,64,92,8.86
436,Micheweni,TZ,-4.97,39.83,77.22,100,68,11.77
437,Bonavista,CA,48.65,-53.11,64.8,83,56,10.98
438,Ushtobe,KZ,45.25,77.98,62.46,75,0,2.59
439,Nanortalik,GL,60.14,-45.24,40.59,100,12,9.42
440,Waddan,LY,29.16,16.14,86.22,32,8,13.22
441,Bubaque,GW,11.28,-15.83,77,88,20,3.36
442,Herat,AF,34.35,62.22,65.7,38,0,7.96
443,Black River,JM,18.03,-77.85,87.8,70,20,21.92
444,Sabratah,LY,32.79,12.49,83.88,92,48,14
448,Kailua,US,21.39,-157.74,83.32,74,90,13.87
449,Myitkyina,MM,25.38,97.4,75.78,96,12,3.15
450,Beringovskiy,RU,63.05,179.32,51.12,100,88,5.61
451,Emba,CY,34.81,32.42,78.04,78,40,6.93
452,Sao Joao da Barra,BR,-21.64,-41.05,71.6,83,0,4.7
453,Pimentel,BR,-3.7,-45.5,80.01,71,0,4.94
454,Umkomaas,ZA,-30.21,30.8,43.74,88,0,3.15
456,Hailey,US,43.52,-114.32,69.3,16,0,2.37
457,Umm Kaddadah,SD,13.6,26.69,67.68,94,48,3.6
458,Batemans Bay,AU,-35.71,150.18,57.51,72,0,11.32
460,Ola,RU,59.58,151.3,60.8,87,40,2.24
461,Oistins,BB,13.07,-59.53,82.4,78,75,12.75
462,Jatiroto,ID,-6.89,111.01,71.73,100,0,8.19
463,Evensk,RU,61.92,159.24,55.53,99,92,5.39
464,Boyolangu,ID,-8.09,111.9,64.98,82,0,7.4
465,Foumban,CM,5.73,10.9,62.73,98,92,2.59
466,Porosozero,RU,62.72,32.71,58.59,92,80,3.04
468,Labuhan,ID,-2.54,115.51,74.7,85,12,3.38
472,Tavda,RU,58.04,65.27,52.29,76,44,8.19
473,Port Macquarie,AU,-31.43,152.91,48.2,93,92,3.36
474,Catacocha,EC,-4.05,-79.65,68.94,74,0,1.92
475,Rosarito,CO,4.91,-75.23,77,78,75,3.36
477,Maningrida,AU,-12.05,134.23,79.47,73,64,6.4
478,Kungurtug,RU,50.6,97.53,46.98,100,76,3.04
479,Yumen,CN,40.29,97.04,65.88,59,56,4.61
481,Kostomuksha,RU,64.59,30.6,55.17,89,64,2.93
482,Jiupu,CN,41.07,122.95,77.58,73,0,4.16
483,Los Llanos de Aridane,ES,28.66,-17.92,73.4,83,0,18.34
484,Kollam,IN,8.88,76.6,78.8,88,40,6.93
485,Custoias,PT,41.11,-7.32,71.19,68,8,2.37
487,Yook,PH,13.23,121.96,81.54,100,76,22.28
488,Fianarantsoa,MG,-21.45,47.09,47.7,100,36,3.83
489,Cam Ranh,VN,11.92,109.15,74.79,100,100,4.61
490,Saint Anthony,US,43.97,-111.68,76.98,21,20,4.7
491,Gazanjyk,TM,39.24,55.52,79.47,61,0,5.17
492,Cabinda,AO,-5.56,12.19,70.65,98,12,5.17
493,Valparaiso,US,41.47,-87.06,90.9,46,75,14.99
494,Kavieng,PG,-2.57,150.8,76.23,100,92,6.06
495,Kirakira,SB,-10.46,161.92,80.82,100,36,15.79
496,San Borja,BO,-14.86,-66.75,62.01,91,92,1.25
497,Neiafu,TO,-18.65,-173.98,71.6,68,40,10.29
499,Moree,AU,-29.46,149.84,59.49,94,92,18.81
500,Jiblah,YE,13.92,44.15,61.92,81,80,3.15
501,Zenzeli,RU,45.92,47.05,66.6,77,0,2.71
503,Madang,PG,-5.21,145.81,77.58,96,36,3.71
505,Paamiut,GL,61.99,-49.67,42.66,95,0,0.69
507,Tomioka,JP,36.26,138.87,79.29,74,0,1.81
508,Progreso,UY,-34.68,-56.22,54.72,71,0,2.24
509,Etampes,FR,48.43,2.15,71.94,56,0,1.12
510,Amahai,ID,-3.31,129,77.85,100,92,9.42
511,Anito,PH,12.45,125.29,82.8,100,92,14.67
512,Kalabo,ZM,-15,22.67,54.27,52,0,2.82
513,Kabo,CF,7.69,18.62,68.76,99,92,6.96
514,Along,IN,28.17,94.8,71.19,87,68,1.59
515,Portland,US,45.52,-122.67,86.68,33,40,8.05
516,Rio Sereno,PA,8.82,-82.87,80.6,88,40,5.82
517,The Valley,AI,18.22,-63.06,83.34,74,40,12.75
518,Tuatapere,NZ,-46.13,167.69,48.15,100,0,2.15
519,Palana,RU,59.08,159.95,56.07,83,64,3.71
520,Luena,AO,-11.78,19.91,57.15,39,0,6.4
521,Arawa,NG,7.05,3.9,73.8,84,92,5.39
522,Manado,ID,1.49,124.85,78.8,65,20,6.93
523,Palm Coast,US,29.55,-81.22,85.12,74,40,9.17
524,Zhaotong,CN,27.34,103.71,63.72,93,88,2.71
525,Ponta Delgada,PT,37.73,-25.67,69.8,77,40,9.17
526,Houma,CN,35.63,111.36,78.21,87,20,3.15
528,Padang,ID,-0.92,100.36,75.24,100,92,5.39
529,Praia da Vitoria,PT,38.73,-27.07,71.6,78,75,12.21
530,Skoghall,SE,59.32,13.47,59,54,32,6.93
531,Nuuk,GL,64.17,-51.74,46.4,81,20,6.93
533,Locri,IT,38.24,16.26,75.2,73,0,4.7
534,Segezha,RU,63.74,34.31,56.61,96,32,4.61
535,Northam,GB,51.04,-4.21,62.08,87,0,2.24
536,Kuytun,RU,54.34,101.51,62.91,80,12,5.95
537,Hope,CA,49.38,-121.43,83.44,42,1,11.41
538,Salalah,OM,17.01,54.1,78.8,88,75,5.82
539,Moerai,PF,-22.43,-151.33,72.36,100,92,17.69
540,Rancho Palos Verdes,US,33.75,-118.37,85.32,65,1,8.05
541,Kudahuvadhoo,MV,2.67,72.89,82.8,100,44,9.64
542,Broome,GB,52.47,1.45,65.14,72,0,9.17
543,Nichinan,JP,31.65,131.31,77.81,94,0,9.17
544,Tura,IN,25.52,90.21,73.98,99,92,3.94
545,Mucurapo,TT,10.67,-61.53,84.2,70,20,8.05
546,Grong,NO,64.47,12.32,45.63,100,92,5.95
547,Sakaiminato,JP,35.55,133.23,80.6,78,75,4.7
548,Bar Harbor,US,44.39,-68.2,82.67,69,20,9.17
549,Farafangana,MG,-22.82,47.83,69.48,100,0,13
550,Omboue,GA,-1.57,9.26,73.71,100,56,9.98
551,Daru,SL,7.99,-10.85,71.28,99,88,5.39
552,Harper,US,30.3,-99.24,86.47,38,75,8.05
553,New Amsterdam,GY,6.25,-57.52,77.76,85,0,5.17
554,Banda Aceh,ID,5.56,95.32,75.69,92,24,5.61
555,Monte Alegre,BR,-2,-54.07,83.43,56,0,5.17
557,Yarkovo,RU,54.81,82.6,44.6,100,0,4.47
558,La Ronge,CA,55.1,-105.3,66.2,55,40,9.17
560,Biak,ID,-0.91,122.88,78.21,89,44,6.85
561,Bam,IR,29.11,58.36,79.38,18,0,7.4
562,Bennington,US,42.88,-73.2,85.73,58,1,3.36
563,Tutin,RS,42.99,20.34,54.45,93,0,1.59
564,Luanda,AO,-8.83,13.24,68,88,0,3.36
565,Banyo,CM,6.75,11.81,63.36,95,88,3.15
566,Morro Bay,US,35.37,-120.85,83.97,34,1,23.04
567,La Orilla,MX,18,-102.23,84.24,83,64,5.28
568,Geraldton,CA,49.72,-86.95,59,93,90,12.75
569,Darvari,BG,42.86,25.55,62.6,100,0,2.71
570,Fenelon Falls,CA,44.54,-78.74,87.89,62,1,8.05
571,Dubbo,AU,-32.25,148.6,50,93,75,5.82
572,Bud,NO,62.91,6.91,54.21,87,75,13.87
573,Yatou,CM,3.63,9.81,75.2,100,75,11.1
574,Kashmor,PK,28.43,69.58,81.54,66,24,8.75
576,Walvis Bay,NA,-22.95,14.51,55.08,100,0,9.75
577,Maues,BR,-3.38,-57.72,82.98,66,8,3.49
578,Half Moon Bay,US,37.46,-122.43,76.6,87,90,10.29
579,Manaure,CO,11.78,-72.45,78.8,94,75,6.93
581,Gambela,ET,8.25,34.59,63.63,94,76,2.59
583,Zvishavane,ZW,-20.32,30.05,53.82,40,0,6.17
584,Banjar,ID,-7.37,108.54,66.42,85,12,3.6
585,Peno,RU,56.92,32.74,64.71,78,44,7.74
586,Paramonga,PE,-10.68,-77.82,61.02,100,20,13.67
587,Dillon,US,45.22,-112.64,62.6,55,1,18.34
588,Belle Fourche,US,44.67,-103.85,60.51,72,90,13.87
589,Pangai,TO,-19.8,-174.35,73.4,73,20,11.41
590,Natal,BR,-5.81,-35.21,78.8,74,20,10.29
591,Puerto Maldonado,PE,-12.59,-69.19,64.4,82,90,5.82
592,Hovd,NO,63.83,10.7,53.6,81,75,14.99
593,Meulaboh,ID,4.14,96.13,75.6,100,12,2.71
594,Vazante,BR,-17.99,-46.9,65.7,88,24,7.18
595,Phan Thiet,VN,10.93,108.1,78.75,100,92,10.98
596,Yaan,NG,7.38,8.57,70.83,99,92,8.63
597,Prince Rupert,CA,54.32,-130.32,66.2,77,1,8.05
598,Ibanda,UG,0.33,30.08,60.3,93,24,2.26
599,Lere,TD,9.66,14.23,71.28,95,92,8.75
600,Blackwater,GB,51.33,-0.78,67.08,60,0,5.82
601,Coruripe,BR,-10.12,-36.18,77.04,95,44,11.99
602,Bowen,AU,-20.01,148.25,57.2,93,75,5.84
603,Ust-Nera,RU,64.57,143.24,49.32,86,92,2.59
604,Umm Lajj,SA,25.02,37.27,77.76,100,0,5.61
605,Jinchang,CN,38.52,102.19,63.45,91,92,4.16
606,Nieuw Nickerie,SR,5.94,-56.99,80.28,100,8,8.86
607,Farliug,RO,45.49,21.85,67.1,100,0,5.82
608,Utica,US,43.1,-75.23,87.8,52,1,6.93
609,Voh,NC,-20.95,164.69,70.11,95,0,15.23
611,Mogok,MM,22.92,96.51,71.01,90,92,1.7
612,Barreirinhas,BR,-2.75,-42.83,78.3,81,0,11.88
613,Kindu,CD,-2.95,25.92,74.52,81,0,3.6
614,Coihaique,CL,-45.58,-72.07,46.2,70,75,3.36
615,Xuanhua,CN,40.61,115.04,75.06,76,8,3.6
616,Santa Maria,BR,-29.69,-53.81,50,93,0,2.24
617,Shingu,JP,33.72,135.99,84.87,90,0,2.59
618,Pacific Grove,US,36.62,-121.92,74.08,68,1,5.82
619,Changtu,CN,42.78,124.11,73.8,80,32,4.61
620,Rochegda,RU,62.67,43.41,54.54,95,24,4.05
621,Mporokoso,ZM,-9.37,30.12,56.61,41,0,8.19
622,Skala,GR,36.85,22.66,68,82,20,5.82
623,Umtata,ZA,-31.59,28.78,46.8,100,48,3.38
624,Erenhot,CN,43.65,111.97,67.77,96,68,12.55
625,Okha,RU,53.59,142.95,73.71,56,0,10.98
627,Maymyo,MM,22.03,96.47,71.28,93,88,3.15
628,Plettenberg Bay,ZA,-34.05,23.37,56.7,100,0,7.18
629,Dargaville,NZ,-35.94,173.86,56.16,100,76,5.73
630,Pau dos Ferros,BR,-6.11,-38.21,85.14,36,48,6.96
631,Taoudenni,ML,22.68,-3.98,90.63,30,44,2.71
632,Balabac,PH,7.99,117.06,82.98,100,20,23.29
633,Betong,MY,5.77,101.07,73.62,92,68,2.15
634,Tsiroanomandidy,MG,-18.77,46.05,48.6,67,0,2.93
636,Deputatskiy,RU,69.3,139.9,53.1,47,0,3.83
